dim 12 12 18
PutBox 3 3 3 10 8 16 0.662 125 0.756 1.0
PutBox 3 10 3 10 16 17 0.662 125 0.756 1.0
PutBox 10 10 3 10 8 16 0.662 125 0.756 1.0
PutBox 3 10 10 10 6 16 0.662 125 0.756 1.0
PutBox 4 9 10 10 5 5 0.662 125 0.756 1.0
PutBox 5 8 10 10 4 4 0.662 125 0.756 1.0
PutBox 4 5 3 3 14 15 0.662 125 0.756 1.0
PutVoxel 6 3 15 0.662 125 0.756 1.0
PutVoxel 9 3 15 0.662 125 0.756 1.0
PutVoxel 3 9 7 0.662 125 0.756 1.0
PutVoxel 10 9 7 0.662 125 0.756 1.0
PutBox 4 9 4 9 10 15 0.937 0.768 0.454 1.0
PutBox 4 5 6 7 2 2 0.937 0.768 0.454 1.0
PutBox 8 9 6 7 2 2 0.937 0.768 0.454 1.0
PutBox 3 3 6 7 6 8 0.937 0.768 0.454 1.0
PutBox 10 10 6 7 6 8 0.937 0.768 0.454 1.0
PutVoxel 5 4 13 0.0 0.0 0.0 1.0
PutVoxel 8 4 13 0.0 0.0 0.0 1.0
PutVoxel 6 4 12 0.0 0.0 0.0 1.0
PutVoxel 7 4 12 0.0 0.0 0.0 1.0
PutBox 4 5 6 7 1 1 0.0 0.0 0.0 1.0
PutBox 8 9 6 7 1 1 0.0 0.0 0.0 1.0
PutBox 3 3 6 7 5 5 0.0 0.0 0.0 1.0
PutBox 10 10 6 7 5 5 0.0 0.0 0.0 1.0
PutBox 4 9 4 9 3 9 0.772 0.365 0.843 1.0
PutBox 3 3 5 8 3 4 0.772 0.365 0.843 1.0
PutBox 10 10 5 8 3 4 0.772 0.365 0.843 1.0
CutVoxel 3 3 17
CutVoxel 3 3 8
CutVoxel 3 10 17
CutVoxel 10 3 17
CutVoxel 10 3 8
CutVoxel 10 10 17